0 0.7884615384615384 0.38100961538461536 0.04447115384615385 0.10576923076923077
3 0.7403846153846154 0.5144230769230769 0.03365384615384615 0.10216346153846154
3 0.6850961538461539 0.5913461538461539 0.030048076923076924 0.10216346153846154
3 0.6586538461538461 0.5360576923076923 0.027644230769230768 0.07091346153846154
3 0.6262019230769231 0.5961538461538461 0.03365384615384615 0.09375
3 0.5997596153846154 0.4963942307692308 0.03365384615384615 0.10576923076923077
3 0.5552884615384616 0.5144230769230769 0.03365384615384615 0.08653846153846154
3 0.5396634615384616 0.5997596153846154 0.03365384615384615 0.08533653846153846
3 0.5552884615384616 0.40384615384615385 0.03485576923076923 0.09975961538461539
3 0.6117788461538461 0.38221153846153844 0.027644230769230768 0.10096153846153846
3 0.6598557692307693 0.45072115384615385 0.03245192307692308 0.09375