0 0.21153846153846154 0.6189903846153846 0.04447115384615385 0.10576923076923077
3 0.25961538461538464 0.4855769230769231 0.03365384615384615 0.10216346153846154
3 0.31490384615384615 0.40865384615384615 0.030048076923076924 0.10216346153846154
3 0.34134615384615385 0.4639423076923077 0.027644230769230768 0.07091346153846154
3 0.3737980769230769 0.40384615384615385 0.03365384615384615 0.09375
3 0.40024038461538464 0.5036057692307693 0.03365384615384615 0.10576923076923077
3 0.44471153846153844 0.4855769230769231 0.03365384615384615 0.08653846153846154
3 0.46033653846153844 0.40024038461538464 0.03365384615384615 0.08533653846153846
3 0.44471153846153844 0.5961538461538461 0.03485576923076923 0.09975961538461539
3 0.38822115384615385 0.6177884615384616 0.027644230769230768 0.10096153846153846
3 0.3401442307692308 0.5492788461538461 0.03245192307692308 0.09375