3 0.5829326923076923 0.3713942307692308 0.03365384615384615 0.10576923076923077
3 0.6358173076923077 0.3389423076923077 0.040865384615384616 0.09975961538461539
3 0.6778846153846154 0.44591346153846156 0.03245192307692308 0.09735576923076923
3 0.6370192307692307 0.5444711538461539 0.03485576923076923 0.09615384615384616
3 0.7103365384615384 0.5649038461538461 0.036057692307692304 0.10576923076923077
3 0.7704326923076923 0.5228365384615384 0.037259615384615384 0.10096153846153846
3 0.7259615384615384 0.4639423076923077 0.039663461538461536 0.0673076923076923
3 0.7163461538461539 0.3762019230769231 0.03245192307692308 0.1045673076923077
3 0.7704326923076923 0.3762019230769231 0.036057692307692304 0.09615384615384616
3 0.8161057692307693 0.38100961538461536 0.036057692307692304 0.10096153846153846
0 0.31850961538461536 0.23317307692307693 0.028846153846153848 0.11057692307692307