3 0.4170673076923077 0.6286057692307693 0.03365384615384615 0.10576923076923077
3 0.3641826923076923 0.6610576923076923 0.040865384615384616 0.09975961538461539
3 0.32211538461538464 0.5540865384615384 0.03245192307692308 0.09735576923076923
3 0.3629807692307692 0.45552884615384615 0.03485576923076923 0.09615384615384616
3 0.28966346153846156 0.43509615384615385 0.036057692307692304 0.10576923076923077
3 0.22956730769230768 0.47716346153846156 0.037259615384615384 0.10096153846153846
3 0.27403846153846156 0.5360576923076923 0.039663461538461536 0.0673076923076923
3 0.28365384615384615 0.6237980769230769 0.03245192307692308 0.1045673076923077
3 0.22956730769230768 0.6237980769230769 0.036057692307692304 0.09615384615384616
3 0.18389423076923078 0.6189903846153846 0.036057692307692304 0.10096153846153846
0 0.6814903846153846 0.7668269230769231 0.028846153846153848 0.11057692307692307