3 0.4014423076923077 0.40024038461538464 0.027644230769230768 0.10576923076923077
3 0.3425480769230769 0.40024038461538464 0.028846153846153848 0.10697115384615384
3 0.43028846153846156 0.5432692307692307 0.026442307692307692 0.09975961538461539
3 0.3954326923076923 0.609375 0.03245192307692308 0.1045673076923077
3 0.4639423076923077 0.6141826923076923 0.026442307692307692 0.10096153846153846
3 0.4567307692307692 0.47115384615384615 0.025240384615384616 0.1045673076923077
3 0.5120192307692307 0.47475961538461536 0.028846153846153848 0.10817307692307693
3 0.5228365384615384 0.6117788461538461 0.030048076923076924 0.10216346153846154
3 0.5865384615384616 0.39903846153846156 0.026442307692307692 0.10576923076923077
3 0.6538461538461539 0.3329326923076923 0.026442307692307692 0.10096153846153846
0 0.06009615384615385 0.38461538461538464 0.038461538461538464 0.10817307692307693