3 0.5985576923076923 0.5997596153846154 0.027644230769230768 0.10576923076923077
3 0.6574519230769231 0.5997596153846154 0.028846153846153848 0.10697115384615384
3 0.5697115384615384 0.4567307692307692 0.026442307692307692 0.09975961538461539
3 0.6045673076923077 0.390625 0.03245192307692308 0.1045673076923077
3 0.5360576923076923 0.3858173076923077 0.026442307692307692 0.10096153846153846
3 0.5432692307692307 0.5288461538461539 0.025240384615384616 0.1045673076923077
3 0.4879807692307692 0.5252403846153846 0.028846153846153848 0.10817307692307693
3 0.47716346153846156 0.38822115384615385 0.030048076923076924 0.10216346153846154
3 0.41346153846153844 0.6009615384615384 0.026442307692307692 0.10576923076923077
3 0.34615384615384615 0.6670673076923077 0.026442307692307692 0.10096153846153846
0 0.9399038461538461 0.6153846153846154 0.038461538461538464 0.10817307692307693