3 0.5925480769230769 0.3329326923076923 0.027644230769230768 0.1045673076923077
3 0.6346153846153846 0.4170673076923077 0.038461538461538464 0.09735576923076923
3 0.6802884615384616 0.39783653846153844 0.03485576923076923 0.09975961538461539
3 0.7307692307692307 0.3954326923076923 0.03365384615384615 0.10096153846153846
3 0.78125 0.38221153846153844 0.03245192307692308 0.09735576923076923
3 0.8149038461538461 0.4699519230769231 0.030048076923076924 0.09615384615384616
3 0.8161057692307693 0.5528846153846154 0.03245192307692308 0.06850961538461539
3 0.8052884615384616 0.6262019230769231 0.03125 0.0733173076923077
3 0.8689903846153846 0.4170673076923077 0.02403846153846154 0.0733173076923077
3 0.8617788461538461 0.32572115384615385 0.03365384615384615 0.1045673076923077
0 0.9074519230769231 0.23076923076923078 0.03485576923076923 0.10817307692307693