3 0.6478365384615384 0.40625 0.03245192307692308 0.10096153846153846
3 0.6382211538461539 0.32572115384615385 0.038461538461538464 0.09735576923076923
3 0.7079326923076923 0.36177884615384615 0.03365384615384615 0.10817307692307693
3 0.8149038461538461 0.5012019230769231 0.039663461538461536 0.09495192307692307
3 0.8125 0.6105769230769231 0.03485576923076923 0.1045673076923077
3 0.8533653846153846 0.4182692307692308 0.03485576923076923 0.09615384615384616
3 0.9038461538461539 0.3942307692307692 0.036057692307692304 0.10697115384615384
3 0.859375 0.28725961538461536 0.037259615384615384 0.10576923076923077
3 0.8137019230769231 0.328125 0.037259615384615384 0.09375
3 0.7680288461538461 0.33653846153846156 0.03245192307692308 0.10697115384615384
0 0.65625 0.12980769230769232 0.03125 0.10697115384615384