3 0.6478365384615384 0.59375 0.03245192307692308 0.10096153846153846
3 0.6382211538461539 0.6742788461538461 0.038461538461538464 0.09735576923076923
3 0.7079326923076923 0.6382211538461539 0.03365384615384615 0.10817307692307693
3 0.8149038461538461 0.4987980769230769 0.039663461538461536 0.09495192307692307
3 0.8125 0.3894230769230769 0.03485576923076923 0.1045673076923077
3 0.8533653846153846 0.5817307692307693 0.03485576923076923 0.09615384615384616
3 0.9038461538461539 0.6057692307692307 0.036057692307692304 0.10697115384615384
3 0.859375 0.7127403846153846 0.037259615384615384 0.10576923076923077
3 0.8137019230769231 0.671875 0.037259615384615384 0.09375
3 0.7680288461538461 0.6634615384615384 0.03245192307692308 0.10697115384615384
0 0.65625 0.8701923076923077 0.03125 0.10697115384615384