0 0.14903846153846154 0.5336538461538461 0.037259615384615384 0.10096153846153846
2 0.33052884615384615 0.4326923076923077 0.040865384615384616 0.11899038461538461
3 0.4098557692307692 0.8040865384615384 0.03125 0.09495192307692307
3 0.49399038461538464 0.8665865384615384 0.028846153846153848 0.09975961538461539
3 0.39783653846153844 0.7247596153846154 0.026442307692307692 0.0733173076923077
3 0.37259615384615385 0.6658653846153846 0.026442307692307692 0.09495192307692307
3 0.3389423076923077 0.7391826923076923 0.028846153846153848 0.10817307692307693
3 0.3425480769230769 0.5949519230769231 0.030048076923076924 0.10096153846153846
3 0.3137019230769231 0.5336538461538461 0.02403846153846154 0.1045673076923077
3 0.41947115384615385 0.2403846153846154 0.03365384615384615 0.1045673076923077
3 0.42908653846153844 0.13942307692307693 0.04326923076923077 0.0889423076923077