0 0.8509615384615384 0.46634615384615385 0.037259615384615384 0.10096153846153846
2 0.6694711538461539 0.5673076923076923 0.040865384615384616 0.11899038461538461
3 0.5901442307692307 0.19591346153846154 0.03125 0.09495192307692307
3 0.5060096153846154 0.13341346153846154 0.028846153846153848 0.09975961538461539
3 0.6021634615384616 0.27524038461538464 0.026442307692307692 0.0733173076923077
3 0.6274038461538461 0.33413461538461536 0.026442307692307692 0.09495192307692307
3 0.6610576923076923 0.2608173076923077 0.028846153846153848 0.10817307692307693
3 0.6574519230769231 0.4050480769230769 0.030048076923076924 0.10096153846153846
3 0.6862980769230769 0.46634615384615385 0.02403846153846154 0.1045673076923077
3 0.5805288461538461 0.7596153846153846 0.03365384615384615 0.1045673076923077
3 0.5709134615384616 0.8605769230769231 0.04326923076923077 0.0889423076923077