0 0.8509615384615384 0.5336538461538461 0.037259615384615384 0.10096153846153846
2 0.6694711538461539 0.4326923076923077 0.040865384615384616 0.11899038461538461
3 0.5901442307692307 0.8040865384615384 0.03125 0.09495192307692307
3 0.5060096153846154 0.8665865384615384 0.028846153846153848 0.09975961538461539
3 0.6021634615384616 0.7247596153846154 0.026442307692307692 0.0733173076923077
3 0.6274038461538461 0.6658653846153846 0.026442307692307692 0.09495192307692307
3 0.6610576923076923 0.7391826923076923 0.028846153846153848 0.10817307692307693
3 0.6574519230769231 0.5949519230769231 0.030048076923076924 0.10096153846153846
3 0.6862980769230769 0.5336538461538461 0.02403846153846154 0.1045673076923077
3 0.5805288461538461 0.2403846153846154 0.03365384615384615 0.1045673076923077
3 0.5709134615384616 0.13942307692307693 0.04326923076923077 0.0889423076923077