2 0.32211538461538464 0.38221153846153844 0.030048076923076924 0.12379807692307693
3 0.4110576923076923 0.16346153846153846 0.036057692307692304 0.10096153846153846
3 0.3233173076923077 0.24759615384615385 0.03485576923076923 0.09735576923076923
3 0.35697115384615385 0.32091346153846156 0.03245192307692308 0.10817307692307693
3 0.23798076923076922 0.38822115384615385 0.026442307692307692 0.11177884615384616
3 0.27524038461538464 0.4579326923076923 0.03365384615384615 0.10817307692307693
3 0.2764423076923077 0.5673076923076923 0.037259615384615384 0.10096153846153846
3 0.32091346153846156 0.6057692307692307 0.03485576923076923 0.10576923076923077
3 0.36538461538461536 0.5949519230769231 0.037259615384615384 0.10697115384615384
3 0.4182692307692308 0.7223557692307693 0.038461538461538464 0.11177884615384616
3 0.234375 0.6610576923076923 0.036057692307692304 0.11177884615384616
0 0.5889423076923077 0.40024038461538464 0.03125 0.11298076923076923