2 0.32211538461538464 0.6177884615384616 0.030048076923076924 0.12379807692307693
3 0.4110576923076923 0.8365384615384616 0.036057692307692304 0.10096153846153846
3 0.3233173076923077 0.7524038461538461 0.03485576923076923 0.09735576923076923
3 0.35697115384615385 0.6790865384615384 0.03245192307692308 0.10817307692307693
3 0.23798076923076922 0.6117788461538461 0.026442307692307692 0.11177884615384616
3 0.27524038461538464 0.5420673076923077 0.03365384615384615 0.10817307692307693
3 0.2764423076923077 0.4326923076923077 0.037259615384615384 0.10096153846153846
3 0.32091346153846156 0.3942307692307692 0.03485576923076923 0.10576923076923077
3 0.36538461538461536 0.4050480769230769 0.037259615384615384 0.10697115384615384
3 0.4182692307692308 0.2776442307692308 0.038461538461538464 0.11177884615384616
3 0.234375 0.3389423076923077 0.036057692307692304 0.11177884615384616
0 0.5889423076923077 0.5997596153846154 0.03125 0.11298076923076923