3 0.27283653846153844 0.6021634615384616 0.03245192307692308 0.1045673076923077
3 0.3425480769230769 0.5997596153846154 0.03125 0.10576923076923077
3 0.4026442307692308 0.5336538461538461 0.036057692307692304 0.10576923076923077
3 0.45913461538461536 0.6610576923076923 0.040865384615384616 0.11057692307692307
3 0.30408653846153844 0.5264423076923077 0.026442307692307692 0.09975961538461539
3 0.33533653846153844 0.45552884615384615 0.03245192307692308 0.09495192307692307
3 0.2956730769230769 0.3918269230769231 0.030048076923076924 0.09615384615384616
3 0.30649038461538464 0.30408653846153844 0.03245192307692308 0.07932692307692307
3 0.3798076923076923 0.24639423076923078 0.03245192307692308 0.10576923076923077
3 0.4411057692307692 0.22355769230769232 0.040865384615384616 0.10216346153846154
0 0.7043269230769231 0.28365384615384615 0.039663461538461536 0.11057692307692307
2 0.43149038461538464 0.3798076923076923 0.026442307692307692 0.13221153846153846