3 0.7271634615384616 0.6021634615384616 0.03245192307692308 0.1045673076923077
3 0.6574519230769231 0.5997596153846154 0.03125 0.10576923076923077
3 0.5973557692307693 0.5336538461538461 0.036057692307692304 0.10576923076923077
3 0.5408653846153846 0.6610576923076923 0.040865384615384616 0.11057692307692307
3 0.6959134615384616 0.5264423076923077 0.026442307692307692 0.09975961538461539
3 0.6646634615384616 0.45552884615384615 0.03245192307692308 0.09495192307692307
3 0.7043269230769231 0.3918269230769231 0.030048076923076924 0.09615384615384616
3 0.6935096153846154 0.30408653846153844 0.03245192307692308 0.07932692307692307
3 0.6201923076923077 0.24639423076923078 0.03245192307692308 0.10576923076923077
3 0.5588942307692307 0.22355769230769232 0.040865384615384616 0.10216346153846154
0 0.2956730769230769 0.28365384615384615 0.039663461538461536 0.11057692307692307
2 0.5685096153846154 0.3798076923076923 0.026442307692307692 0.13221153846153846