1 0.3076923076923077 0.5901442307692307 0.019230769230769232 0.03365384615384615
1 0.18870192307692307 0.5588942307692307 0.018028846153846152 0.03125
0 0.234375 0.515625 0.027644230769230768 0.10216346153846154
3 0.4567307692307692 0.46875 0.03485576923076923 0.10096153846153846
3 0.5192307692307693 0.5480769230769231 0.030048076923076924 0.09975961538461539
2 0.4170673076923077 0.6177884615384616 0.04567307692307692 0.12379807692307693
3 0.59375 0.6850961538461539 0.026442307692307692 0.10576923076923077
3 0.59375 0.6057692307692307 0.025240384615384616 0.1045673076923077
3 0.6370192307692307 0.5444711538461539 0.026442307692307692 0.10216346153846154
3 0.6706730769230769 0.4735576923076923 0.025240384615384616 0.09975961538461539
3 0.5865384615384616 0.4795673076923077 0.03125 0.09615384615384616
3 0.5456730769230769 0.40384615384615385 0.02403846153846154 0.10216346153846154