1 0.6923076923076923 0.4098557692307692 0.019230769230769232 0.03365384615384615
1 0.8112980769230769 0.4411057692307692 0.018028846153846152 0.03125
0 0.765625 0.484375 0.027644230769230768 0.10216346153846154
3 0.5432692307692307 0.53125 0.03485576923076923 0.10096153846153846
3 0.4807692307692308 0.4519230769230769 0.030048076923076924 0.09975961538461539
2 0.5829326923076923 0.38221153846153844 0.04567307692307692 0.12379807692307693
3 0.40625 0.31490384615384615 0.026442307692307692 0.10576923076923077
3 0.40625 0.3942307692307692 0.025240384615384616 0.1045673076923077
3 0.3629807692307692 0.45552884615384615 0.026442307692307692 0.10216346153846154
3 0.3293269230769231 0.5264423076923077 0.025240384615384616 0.09975961538461539
3 0.41346153846153844 0.5204326923076923 0.03125 0.09615384615384616
3 0.4543269230769231 0.5961538461538461 0.02403846153846154 0.10216346153846154