0 0.47716346153846156 0.296875 0.04326923076923077 0.10216346153846154
2 0.36538461538461536 0.41586538461538464 0.04807692307692308 0.12620192307692307
3 0.40865384615384615 0.39903846153846156 0.04567307692307692 0.10576923076923077
3 0.5024038461538461 0.59375 0.046875 0.10096153846153846
3 0.5276442307692307 0.2644230769230769 0.037259615384615384 0.10216346153846154
3 0.46033653846153844 0.12620192307692307 0.040865384615384616 0.10096153846153846
3 0.4567307692307692 0.038461538461538464 0.039663461538461536 0.07091346153846154
3 0.5 0.7776442307692307 0.03125 0.09375
3 0.49759615384615385 0.8677884615384616 0.037259615384615384 0.08653846153846154
3 0.4543269230769231 0.8990384615384616 0.038461538461538464 0.09375
3 0.4543269230769231 0.8112980769230769 0.038461538461538464 0.0889423076923077