1 0.9399038461538461 0.24759615384615385 0.015625 0.03245192307692308
0 0.6165865384615384 0.25961538461538464 0.027644230769230768 0.11298076923076923
2 0.8161057692307693 0.5444711538461539 0.046875 0.11778846153846154
3 0.7704326923076923 0.5480769230769231 0.038461538461538464 0.09014423076923077
3 0.7259615384615384 0.5540865384615384 0.04326923076923077 0.0733173076923077
3 0.7199519230769231 0.47716346153846156 0.04447115384615385 0.08413461538461539
3 0.7259615384615384 0.3954326923076923 0.040865384615384616 0.09014423076923077
3 0.6826923076923077 0.33413461538461536 0.03245192307692308 0.09975961538461539
3 0.7680288461538461 0.45072115384615385 0.038461538461538464 0.09615384615384616
3 0.7271634615384616 0.6490384615384616 0.037259615384615384 0.09615384615384616
3 0.7259615384615384 0.7379807692307693 0.039663461538461536 0.0889423076923077
3 0.7259615384615384 0.8257211538461539 0.03485576923076923 0.07932692307692307
3 0.7584134615384616 0.8449519230769231 0.03245192307692308 0.10096153846153846
3 0.7932692307692307 0.7524038461538461 0.026442307692307692 0.1045673076923077
3 0.7704326923076923 0.6766826923076923 0.03485576923076923 0.09975961538461539