1 0.06009615384615385 0.7524038461538461 0.015625 0.03245192307692308
0 0.38341346153846156 0.7403846153846154 0.027644230769230768 0.11298076923076923
2 0.18389423076923078 0.45552884615384615 0.046875 0.11778846153846154
3 0.22956730769230768 0.4519230769230769 0.038461538461538464 0.09014423076923077
3 0.27403846153846156 0.44591346153846156 0.04326923076923077 0.0733173076923077
3 0.2800480769230769 0.5228365384615384 0.04447115384615385 0.08413461538461539
3 0.27403846153846156 0.6045673076923077 0.040865384615384616 0.09014423076923077
3 0.3173076923076923 0.6658653846153846 0.03245192307692308 0.09975961538461539
3 0.23197115384615385 0.5492788461538461 0.038461538461538464 0.09615384615384616
3 0.27283653846153844 0.35096153846153844 0.037259615384615384 0.09615384615384616
3 0.27403846153846156 0.2620192307692308 0.039663461538461536 0.0889423076923077
3 0.27403846153846156 0.17427884615384615 0.03485576923076923 0.07932692307692307
3 0.24158653846153846 0.15504807692307693 0.03245192307692308 0.10096153846153846
3 0.20673076923076922 0.24759615384615385 0.026442307692307692 0.1045673076923077
3 0.22956730769230768 0.3233173076923077 0.03485576923076923 0.09975961538461539