2 0.8245192307692307 0.5504807692307693 0.05048076923076923 0.11057692307692307
3 0.7680288461538461 0.5192307692307693 0.040865384615384616 0.0889423076923077
3 0.7692307692307693 0.41346153846153844 0.036057692307692304 0.09134615384615384
3 0.8149038461538461 0.29447115384615385 0.038461538461538464 0.09134615384615384
3 0.7680288461538461 0.23557692307692307 0.03485576923076923 0.09375
3 0.6995192307692307 0.21394230769230768 0.03125 0.10096153846153846
3 0.7247596153846154 0.35216346153846156 0.036057692307692304 0.09735576923076923
3 0.6935096153846154 0.3870192307692308 0.020432692307692308 0.10096153846153846
3 0.6838942307692307 0.4567307692307692 0.030048076923076924 0.09735576923076923
3 0.7079326923076923 0.5300480769230769 0.026442307692307692 0.10817307692307693
3 0.6706730769230769 0.6682692307692307 0.03245192307692308 0.1045673076923077
3 0.7235576923076923 0.6646634615384616 0.039663461538461536 0.10576923076923077
0 0.4206730769230769 0.5288461538461539 0.027644230769230768 0.11057692307692307